1	205267	205267	63633	1.0	500000	0.57	0.23	0.1
2	136845	136845	54738	1.0	500000	0.52	0.14	0.1
3	82107	82107	32843	1.0	500000	0.43	0.03	0.1
4	136845	136845	49264	1.0	500000	0.42	0.54	0.1
5	82107	82107	25453	1.0	500000	0.56	0.82	0.1
6	82107	82107	31201	1.0	500000	0.49	0.65	0.1
7	150529	150529	57201	1.0	500000	0.52	0.62	0.1
8	41053	41053	16011	1.0	500000	0.47	0.85	0.1
9	41053	41053	15190	1.0	500000	0.6	0.62	0.1
10	54738	54738	19158	1.0	500000	0.54	0.08	0.1
11	41053	41053	12316	1.0	500000	0.54	0.88	0.1
					








